-5.482167029747438747e+00
-6.024598747472808213e+00
-6.744836500948249380e+00
-5.968807511058193960e+00
-4.646111170822571523e+00
-5.286792142106440551e+00
-3.300523933837231638e+00
-3.963546280322320037e+00
-4.187216992668426840e+00
-2.841479862572986459e+00
-4.773275491167775719e+00
-4.229042301055899955e+00
-3.787930821517080382e+00
-5.841158340380593117e+00
-4.428501029003152567e+00
-4.347585574301709777e+00
-4.357845945611805938e+00
-4.679673354254874518e+00
-1.547706980550428435e+00
-2.795519200312531982e+00
-4.329839010835079272e+00
-2.460831613261424966e+00
-2.041483600018202615e+00
-6.075101917987579370e+00
-4.076493894658096195e+00
-5.129840724333551982e+00
-4.355539344558664538e+00
-1.964040653864884689e+00
-4.780141358072069302e+00
-6.232881418809657958e+00
-3.274235444950116314e+00
-2.815939065386813489e+00
-4.178894596496370184e+00
-7.426967358070768910e+00
-4.713674575073017792e+00
-3.329808614718051896e+00
-3.707104860174147198e+00
-1.225123745013981580e+00
-6.607157907636140415e+00
-5.887513733971357688e+00
-4.394693323031499510e+00
-6.073173932087335025e+00
-7.147041260912909699e+00
-5.424987167755575435e+00
-2.800042542997876360e+00
-4.147658690719079999e+00
-5.366681527781036465e+00
-5.743934036306076685e+00
-6.282205228383871187e+00
-5.187732410618521861e+00
-4.926053539119688907e+00
-5.867880441850191531e+00
-5.267525239160882222e+00
-5.598307481016675524e+00
-4.114481446687236144e+00
-5.662071659489981812e+00
-4.720287003665528225e+00
-3.623861074407077609e+00
-3.991777218602072352e+00
-3.636057915766068405e+00
-4.555836249811173744e+00
-6.699448560182736934e+00
-1.145547590639768076e+00
-6.842808199153274096e-01
-1.207104642591606325e+00
-1.096364310259377861e+00
-1.363078840565252081e+00
-1.197086455397762705e+00
-1.589325700796207830e+00
-7.014177114105126787e-01
-2.591658349715427523e+00
-2.079360733215032120e+00
-1.955004413498539373e+00
-1.374665492683357249e+00
-2.227377138428148662e+00
-1.917953761037090477e+00
-9.070600090415814609e-01
-2.006996270500025936e+00
-1.952909430530066048e+00
-1.386765238059634253e+00
-2.019035521270244438e+00
-1.582781433120064252e+00
-1.210591935104794903e+00
-9.889465176638911892e-01
-9.402981653551427677e-01
-1.894350246466441456e+00
-1.553589126668230458e+00
-1.958365622313651411e+00
-8.021026023809576522e-01
-1.587896456264030087e+00
-1.290740504060449156e+00
-1.527020965065864599e+00
-1.562026147995837722e+00
-1.303003835508842689e+00
-1.757908003733227087e+00
-1.529655118232821742e+00
-1.975802403143459784e+00
-1.524220968242554264e+00
-1.461181361368384168e+00
-2.349024483754708736e+00
-9.635972546836628627e-01
-2.073485849432342931e+00
-2.305397061777103129e+00
-8.904609937738744430e-01
-1.836188834450230623e+00
-1.491308872481292624e+00
-2.134540756234156067e+00
-1.412205060309760896e+00
-1.653804313692319505e+00
-1.634488254140172625e+00
-2.065175974857613728e+00
-1.646237279911051621e+00
-1.420718351497974208e+00
-2.028027880779160519e+00
-1.603219476859846004e+00
-1.799062761838969848e+00
-1.448107639058852758e+00
-1.223210800197683135e+00
-1.063592395829986437e+00
-2.060642628480894967e+00
-2.542962645122662124e+00
-1.980947159430638704e+00
-1.915091770270947347e+00
-1.504932419186755244e+00
