-1.128665226403186672e+01
-1.149950365897441174e+01
-1.479843223433342558e+01
-1.341213621646487653e+01
-9.339914527524252108e+00
-1.075559570781804020e+01
-5.642653551993788597e+00
-5.443993402164283957e+00
-8.368963813209315816e+00
-1.260536105749284985e+00
-9.636188985842446542e+00
-5.451114288899014504e+00
-6.458416262752899151e+00
-1.410878012373168922e+01
-5.119669621206365484e+00
-5.525380455812491931e+00
-5.337000427980122197e+00
-7.978525168638592291e+00
4.427406110763151048e+00
-8.419493338859899145e-01
-8.722724919650008957e+00
-9.111268836501063006e-02
-2.427926642750737329e-01
-1.153480602305954861e+01
-4.165778993747344394e+00
-1.097929500819859250e+01
-6.429592899246216575e+00
1.518432275199081749e+00
-8.194504489316248197e+00
-1.301414732971337962e+01
-4.321014533489127452e+00
1.778062004279497899e+00
-6.673996069512449836e+00
-1.957081208000966654e+01
-7.854459140196632383e+00
-4.608185768870983523e+00
-5.339472042989916289e+00
5.007232855229371005e+00
-1.430072142867512497e+01
-1.190717910502192467e+01
-7.447130676816870576e+00
-1.477386902686934533e+01
-1.789671517301876236e+01
-1.018959129183157764e+01
-2.908931418619830733e+00
-6.764167895337032554e+00
-8.622020179203088830e+00
-1.371835258430715498e+01
-1.388723805697959968e+01
-1.036395873120983779e+01
-8.834937774229496554e+00
-1.210125503881053532e+01
-1.026679641737647763e+01
-1.177036594661029589e+01
-6.677500671371239704e+00
-1.369135004024990643e+01
-7.969387869152996018e+00
-6.069884063026254495e+00
-5.208353541498340178e+00
-4.923148733769608043e+00
-8.716397259762235450e+00
-1.438510567292550135e+01
7.189229221901607403e+00
1.033304936689554765e+01
8.324480121126953236e+00
8.787086938878218234e+00
5.223140318346348288e+00
7.629807220076283869e+00
5.465816300835323105e+00
8.962666311254153584e+00
-2.931428455086877438e-01
3.129758687271586126e+00
3.129330274245123000e+00
5.783918073165893681e+00
8.970641369447722724e-01
2.040899240342869181e+00
7.399371189125465875e+00
3.031264324774174845e+00
2.531865394582416329e+00
6.431963379078995402e+00
2.859525465032502822e+00
5.019339371995598320e+00
7.306057450995608882e+00
6.787087932024327586e+00
9.041758614254026938e+00
3.445935149142296261e+00
2.758097580506857049e+00
2.111306241149263130e+00
9.461967289321627561e+00
5.654863458707104940e+00
6.194964090973738458e+00
4.949729816456975406e+00
3.947532749997079815e+00
6.552391250053447358e+00
4.827656667510432875e+00
4.817079729368748175e+00
3.834374574833293359e+00
5.921364582822802092e+00
5.460078910819259335e+00
9.972492794484120182e-01
7.424845745650274331e+00
2.806667494078036285e+00
1.445166474316941896e+00
9.136958473694440030e+00
3.704310422270055803e+00
5.784218711317676842e+00
1.863429274908037225e+00
6.291166370397284879e+00
4.511180676022259917e+00
5.283846189073647892e+00
1.493815234492757105e+00
4.566419744850958473e+00
6.252599252885763903e+00
2.081875327853450752e+00
3.885825121355670042e+00
4.340044510409232004e+00
6.004922386513319665e+00
7.282016325822134206e+00
7.324081442554257748e+00
2.194350279020791827e+00
2.680952631312898404e-01
2.208988154220949074e+00
3.565574984943864489e+00
5.703651605920709855e+00
