9.621937149001777101e+00
6.041837781449206801e+00
1.236393577764603080e+01
6.330174140953557682e+00
2.148551474587142351e+01
4.943913775352132056e+00
6.442058443845656512e+00
6.575461560012874962e+00
8.250454500382108591e+00
5.093942745959109786e+00
4.037699428216241948e+00
5.516919898809958589e+00
7.314295905630952888e+00
7.995076862176167865e+00
7.378836057665998815e+00
7.970586289973286220e+00
6.982011194060403270e+00
1.359483833139476339e+01
7.642728136943140349e+00
9.003460789734898384e+00
6.237825911477093754e+00
1.133762600678254451e+01
7.732134922487539086e+00
5.981426963177252532e+00
4.830929501734244624e+00
4.077674715867927624e+00
1.511330504296679145e+01
4.308608185245840438e+00
1.601470806693910376e+01
4.002084131830769387e+00
8.730900029207310453e+00
7.030209278365333603e+00
6.702769217169815441e+00
1.165325841421368125e+01
1.018035915462666274e+01
1.239636509909044904e+01
7.441766771402769542e+00
5.725209139336128850e+00
1.008570554063748403e+01
3.946145890571702175e+00
3.301866646878127476e+00
1.368070186386019316e+01
4.901437369203407002e+00
8.079968095611086198e+00
1.762454289884070135e+01
1.025720979271291000e+01
9.945212890607589173e+00
5.660901078896355187e+00
6.496123524944842131e+00
1.236423913208387759e+01
6.467339838322585521e+00
8.749040139252917569e+00
9.766480865935969646e+00
5.119858549249019397e+00
1.323047913410934839e+01
6.044775947469817723e+00
5.655707283324505674e+00
1.005003016265527904e+01
9.319272728865115596e+00
9.730741764408856298e+00
6.151341152872719320e+00
6.930857831315928586e+00
1.428542215451615682e+01
5.442347772835149478e+00
1.747694387078205480e+01
4.741003713506770190e+00
7.839384056811232959e+00
4.406083249313027750e+00
1.438476861922545602e+01
7.784084353170951154e+00
4.369450418682121473e+00
1.598472291473137119e+01
7.015895551393420249e+00
1.062802617929044580e+01
1.274972664113690257e+01
1.395025046385092793e+01
4.545925330323498770e+00
1.309872096243436346e+01
5.302949574172175495e+00
5.875559398626045926e+00
1.085478299167387206e+01
1.034622799020750961e+01
1.518826311999415601e+01
3.529529806411013659e+00
3.560348443454413481e+00
7.068114391341100422e+00
2.570917964685324009e+01
2.678869547972518195e+00
1.851756578367000117e+01
8.314967068322047794e+00
4.759587058778682156e+00
5.724414385307590614e+00
6.607181683628958524e+00
4.636420584919857646e+00
1.555615228336134059e+01
6.151079705879667792e+00
7.445469578662032184e+00
8.613069292557741008e+00
8.340709838016310940e+00
1.609893025302022096e+01
8.356399390134463090e+00
1.954621952877658586e+01
1.144751605939409522e+01
1.270760394578521790e+01
8.649490670502277823e+00
2.942532867167637622e+00
8.208800786534633076e+00
5.523259899095561920e+00
7.678334391302446882e+00
1.005742160313613986e+01
6.898897016494573542e+00
1.003285544198518764e+01
4.523007440089641840e+00
9.765162981072572634e+00
1.439833941199321821e+01
2.164438684462243145e+01
1.533351224330582063e+01
1.290809340298994279e+01
6.120666196903856715e+00
9.434045755587444404e+00
7.450644420076004693e+00
9.869795265758378733e+00
4.701666175621185495e+00
7.375244349086898410e+00
4.326938556364905430e+00
1.386028297020849109e+01
1.181496332706069907e+01
1.522720984527438759e+01
8.814574209817536143e+00
6.390318339312795359e+00
3.789094152355950929e+00
5.048497328867076916e+00
4.645179143316398473e+00
1.702591488550272203e+01
8.005146352093847284e+00
1.388354337018002482e+01
1.805712650657990181e+01
6.088850467967278135e+00
1.040244704452980962e+01
1.271433865498602067e+01
1.361708637506244202e+01
1.000503807048893279e+01
1.455238607264367623e+01
1.075507048604825400e+01
1.955294134562591779e+01
8.174786628234070207e+00
1.765144614900965436e+01
1.304500740284150950e+01
4.117569554077967098e+00
8.130422026948224357e+00
7.791263422565148922e+00
7.699652852396371649e+00
1.550134165416895016e+01
1.334875636965066192e+01
1.256848620031393793e+01
5.192821550496356409e+00
5.897506567727551108e+00
6.272148821635867399e+00
3.202933088063413258e+00
3.910752621340848556e+00
3.314288074187039967e+00
7.712715685805509480e+00
8.421320021463868599e+00
7.085748850169704127e+00
6.220270594174846401e+00
1.193049122489265734e+01
1.507880317483192378e+01
6.992605014957198328e+00
1.141681253442578559e+01
1.066366190199780029e+01
1.794343247440533773e+01
9.520752654761409417e+00
3.541391094991142019e+00
1.166075603628414115e+01
1.842470982230964793e+01
4.652571658567005386e+00
1.816490292936780904e+01
1.352264572179956659e+01
4.892377621750773287e+00
7.969707533763478402e+00
1.540278092960081935e+01
1.532859817797317170e+01
9.893855062331407879e+00
5.532629177644097673e+00
8.620155294522399814e+00
7.134016191961524811e+00
8.529508187935586960e+00
7.862932402694831957e+00
7.037525341143418878e+00
3.595607031172241008e+00
8.966917263180331332e+00
1.537417784950443078e+01
5.820791413124623226e+00
4.077350248722678927e+00
5.319299711536796593e+00
5.205788375730953987e+00
1.313933278079427502e+01
1.179547760751231600e+01
1.025807946362849776e+01
1.261760830625444996e+01
4.369414740648712048e+00
2.964894273338705144e+00
3.970853134522922101e+00
7.478117391893024823e+00
8.602978984844490640e+00
5.165982513523394104e+00
9.748795294646134479e+00
5.790161138656773510e+00
6.549068649546380350e+00
5.080639134526800937e+00
1.008975736674397261e+01
4.557120985961490511e+00
5.807321522569974803e+00
6.909773863835598107e+00
3.583172926273214376e+00
7.419473931074973549e+00
3.619549147883178275e+00
7.443662476331436295e+00
3.879853731178728893e+00
5.388426558002721301e+00
8.966744647207796959e+00
1.589264900690791649e+01
1.278581162381384573e+01
6.843333445243860780e+00
6.495091957185547216e+00
1.126356280719900127e+01
1.180724256026424612e+01
7.552887573681140942e+00
4.974235334792729724e+00
1.016836839724268060e+01
7.335890221039936598e+00
4.684217802973605238e+00
1.111634854773362058e+01
1.093196482410625059e+01
3.918364155294235207e+00
7.606879585230296392e+00
4.772751871873091467e+00
9.803567111631167563e+00
9.843834795819594419e+00
2.156129634922239546e+01
8.971671870825911554e+00
4.574894228936614127e+00
9.308032087841134228e+00
8.459816190743028486e+00
9.938842051465002214e+00
1.121349987344429699e+01
8.411005154859637400e+00
5.592543577618612538e+00
1.225893761529944470e+01
7.984863917521440868e+00
