-1.482863236590134637e+00
-1.972887160350485836e+00
-1.985014688744357825e+00
-1.965781482158028171e+00
2.854257418425629744e+00
2.398099093209386190e+00
-8.030554442676023363e-01
-4.661708576685416716e+00
-1.222163947330835665e+00
-1.454479841731107337e+00
-1.587471567064178357e+00
-1.988571919796518372e+00
1.561394125837775704e+00
-2.292028058735259499e+00
1.747519884394476364e+00
-3.181400105736471584e+00
-8.874589863975377302e-01
-1.726436269350697161e+00
-9.901442538633304924e-01
-2.704107821214484453e+00
-1.773733122904797677e+00
-1.260062101581275407e+00
-1.976165132614207121e+00
-3.064937469170807116e+00
-1.258026800067923112e+00
-1.252235748520017289e+00
-4.955114784872476363e-01
-2.219053071452529391e+00
-2.214653040321071131e+00
-2.040141260651628929e+00
-3.546683153249420295e-01
3.374363061737157832e-01
-2.584633215799598371e+00
-1.483363407012488366e+00
-2.528220660663301977e+00
-8.950705334312929473e-01
-5.579307239811041041e-01
-9.403055959932009600e-01
-2.154918115543968948e+00
-3.988726880697060828e+00
-1.216640839431147203e+00
-2.616332371445062144e+00
-1.368356851432875887e+00
-7.740237792376543080e-01
-2.324693835562774424e+00
-1.244195529568410397e+00
-1.065773518058920732e+00
-3.260339105012437511e+00
-1.806658388056893383e+00
-1.681940478539710293e+00
2.614446674102665291e+00
1.024682164209210766e+00
1.285181866438926956e+00
1.809219529098097023e+00
3.498975007414222294e-01
1.696724834395398007e+00
2.309408615274076482e+00
6.971183906764533145e-01
6.223037749055742029e-01
3.092807710257789555e+00
2.155723174520561614e+00
-3.116908552755233153e-01
3.763952396897867647e+00
7.322273713642022397e-01
3.956907530867614931e-02
3.864770633276743084e+00
2.997295451868453586e+00
1.466942475710631300e+00
2.221707762666631947e+00
-3.158352289734807083e-01
5.118061236816460191e-01
-8.650736712735540568e-02
-6.148300098086155741e-01
4.170603477700625561e+00
-1.058940416473951096e+00
1.708403788225123510e+00
1.546906677856557888e+00
9.689672993932012535e-01
-2.390480733983442629e+00
1.170611669581330672e+00
1.117319250755213877e+00
2.094139581392645777e+00
2.123018954325905483e+00
3.244936884001595523e+00
1.189282317051391757e+00
3.050192439598335969e+00
5.420044547291187342e+00
-3.657283260906918354e-01
3.940628587127529059e+00
2.170562720193855544e+00
1.021841857629716577e+00
-3.716846063886181106e-02
2.589927944255430159e-01
1.823473969393578420e+00
-1.271180109274091974e+00
2.897794199288076911e+00
2.101626440667896834e+00
7.226904350885703376e-01
1.567432317450017543e+00
3.832372882696760463e+00
