-2.389731870393049906e+00
-3.526188640930965068e-01
-1.314053062429224594e+00
-2.727224626571470800e+00
-2.752152226186477257e-01
-1.454850542305168304e+00
7.949179885216165253e+00
-1.585468376096395016e+00
-3.052508879849168189e+00
-7.563291886161729316e-01
1.458985369456476944e+00
-2.702932632610441921e+00
-9.558806577805059046e-01
-1.573387012798904694e+00
2.731412488255160920e+00
-2.725559365310365578e+00
-1.304400777819499035e+00
-8.225104516827368428e-01
1.245203301425789943e+00
-1.518246599254312379e+00
-1.080003465657119799e+00
-3.033658303253597310e+00
-1.444886113566960395e+00
-5.648689579058433496e-01
-2.031978241011758612e+00
-8.321413025247993422e-01
-3.348206599221636992e-01
-3.276946106572042883e+00
-3.386081846970900422e+00
-1.946406236329965012e+00
-2.970427347224694259e+00
-2.417932087674193653e+00
-3.134735871875152124e+00
-1.218973955730522807e+00
1.026292215520855367e+00
-5.759101451971370134e-01
-2.521220554140211956e+00
-1.357075112056014832e-01
-2.186606628853923429e+00
-2.964604377481731667e+00
-1.155789436176974938e+00
-2.955186859638112007e-01
-2.447377801885108894e+00
-2.242887731455057043e+00
2.368716516748798906e+00
-3.082398626446057666e+00
-1.625995646109947179e+00
-2.353197218875130670e+00
-2.558935173964739462e+00
-1.148762164826099053e+00
8.501780379306840274e+00
-1.429143233218277631e+00
8.024486116231550170e+00
-4.495004203276959376e-01
1.749085131897618384e+00
2.162286929810979696e+00
9.458119191171001638e-01
4.277935668658086055e-01
5.874718077259486471e-01
2.938779018100394325e+00
1.568548050122445137e+00
1.681449329235119583e+00
-1.502628016455640036e+00
1.999374054551459334e+00
3.300892316460616094e+00
6.252248506730005984e-01
1.577953310730758840e+00
6.574865996217720721e+00
-4.923134795518695483e-01
2.908236119214596016e+00
3.768051661877014347e+00
-7.916635011648250897e-01
5.325380135420234584e-01
-2.973629939901124564e-01
1.399391978561252747e+00
4.733794567111813123e+00
8.964320198695342468e-01
-1.193064333226553364e-01
3.999883404629668515e+00
-1.099301258719634466e+00
-1.656291234185265582e+00
8.874534425504874591e+00
3.414959656450040182e+00
2.655354499506622723e+00
3.413236714509804148e-02
1.973642666915844224e+00
1.415788711954484747e+00
6.181733361061485521e-01
1.112038668624046656e+00
9.816438628291436430e+00
-1.184307543382201899e+00
9.183891129532237851e-01
8.251615214126875042e-01
1.412657157543693476e+00
1.624402362620769757e+00
8.829122701088598646e-02
1.189556339653974337e-02
9.608685222025898920e-01
6.184901684380083253e+00
-3.464185431502841972e-01
